10
100
101
102
103
104
105
106
107
109
11
110
111
112
113
116
118
119
121
122
13
131
138
139
14
140
143
144
148
15
151
152
153
165
166
167
168
169
17
170
171
172
173
174
175
178
179
18
180
183
185
186
187
188
19
190
191
192
193
194
196
198
199
20
200
201
202
203
204
205
206
208
209
21
212
216
219
22
221
225
228
229
230
231
234
238
239
240
242
245
246
249
25
250
251
254
257
258
260
261
262
263
264
266
267
268
269
27
270
271
274
275
279
280
281
282
283
285
286
287
288
289
290
292
295
296
298
300
301
302
304
305
306
308
311
313
315
316
317
319
320
321
322
323
325
326
327
328
329
330
331
332
333
334
336
337
339
341
342
343
345
346
349
351
352
353
354
355
356
357
358
359
360
362
363
364
365
366
367
368
369
370
371
372
373
374
375
376
377
378
379
382
383
384
386
387
388
389
391
394
395
396
397
399
400
401
402
403
406
408
409
410
412
413
414
415
416
417
419
426
427
428
429
430
431
432
433
434
435
436
439
440
441
443
445
446
449
450
453
454
455
456
458
459
46
460
461
462
463
465
468
469
47
470
471
472
473
476
477
478
479
480
481
482
483
484
485
486
487
488
49
490
491
492
494
499
50
500
502
503
504
505
51
52
53
54
55
571
59
605
61
62
63
637
64
670
70
71
72
78
79
80
81
82
86
87
89
9
91
92
93
94
95
97
99
